147 119 75 77 105 116 85 92 80 101 106 94 85 86 100 83 65 64 56 51 48 56 42 39 45 35 35 59 51 42 56 69 43 62 91 65 68 47 77 87 93 75 55 73 85 69 61 81 101 66 60 53 77 52 46 63 92 93 77 94 114 82 84 96 86 81 93 77 75 83 63 68 96 63 48 42 66 39 48 79 92 64 50 66 64 68 71 35 52 67 43 49 62 63 111 88 86 86 80 69
113 107 80 57 78 125 100 76 105 81 67 110 107 103 109 77 75 78 74 63 49 53 49 82 88 66 61 85 66 76 52 58 55 74 76 61 70 62 64 65 81 68 43 49 49 57 66 86 122 70 60 63 73 77 57 70 80 77 76 81 84 86 75 81 62 92 103 75 79 97 80 78 75 52 38 30 38 46 89 69 70 96 73 61 53 92 85 46 58 79 58 58 51 70 68 56 87 70 68 91
63 47 104 74 96 122 97 51 98 106 69 105 104 95 99 75 60 66 75 68 52 56 71 91 84 84 96 94 67 54 67 72 58 69 39 65 91 51 62 77 63 79 77 50 57 59 66 67 88 67 59 80 77 74 64 71 61 50 68 82 72 95 81 87 71 78 96 77 63 81 102 75 61 74 46 53 64 73 111 96 72 55 61 58 48 92 68 55 58 51 52 49 54 91 47 44 92 69 34 75
81 60 80 87 126 99 63 57 61 88 84 65 78 77 70 69 98 83 63 54 50 79 92 71 59 51 88 81 52 56 68 63 81 65 59 57 68 69 68 74 60 80 110 87 79 86 89 73 45 51 30 45 51 71 67 95 86 57 94 110 90 76 72 78 67 83 123 95 91 88 89 82 42 72 82 79 107 80 69 83 44 58 68 57 57 71 71 50 45 47 52 47 61 56 56 52 77 53 32 54
59 86 72 82 113 79 96 99 72 48 49 68 70 74 77 47 67 93 88 70 90 91 67 58 77 77 76 63 57 65 70 63 88 62 65 60 70 82 65 60 47 48 72 89 75 71 68 57 47 67 46 48 43 71 57 67 88 94 112 102 60 64 92 76 87 153 138 102 117 111 87 84 69 79 98 71 75 55 62 106 60 52 54 59 58 85 49 43 49 45 45 50 55 49 45 52 55 58 57 47
64 73 89 86 123 107 120 114 129 83 79 70 47 87 92 63 63 73 72 69 81 60 39 54 77 76 78 60 62 60 69 58 56 73 62 56 42 54 62 89 77 75 59 56 53 53 37 35 41 48 72 64 57 64 68 77 117 105 118 120 83 82 90 76 91 127 107 98 87 84 95 102 95 70 55 44 52 66 48 70 76 77 57 47 55 51 30 36 45 55 44 53 59 58 47 49 47 54 69 70
61 97 114 78 91 106 85 62 100 77 123 100 63 79 75 62 90 74 49 64 76 81 70 87 61 47 63 63 72 81 79 96 96 97 91 60 66 92 59 85 104 85 54 65 80 81 39 37 74 75 71 96 86 80 88 92 105 88 103 109 109 79 73 87 78 90 62 75 89 85 97 98 94 96 46 35 49 90 76 30 46 76 57 82 67 35 37 49 43 58 40 46 49 49 49 43 50 59 55 50
56 73 103 99 84 61 62 82 78 45 77 112 106 75 74 48 58 95 64 102 128 109 84 92 77 62 57 84 89 84 86 96 100 77 64 73 69 87 65 58 58 53 71 85 73 60 71 47 90 107 108 108 93 95 86 82 84 103 86 84 67 68 112 115 93 91 102 128 95 74 104 72 59 89 72 63 67 96 81 43 100 87 47 75 57 43 60 58 38 45 43 49 54 65 56 47 54 66 65 57
64 62 78 94 74 60 58 87 90 67 66 63 101 72 70 69 86 109 71 108 84 54 52 42 62 66 65 86 73 65 62 75 96 61 70 64 47 93 109 63 49 68 54 88 105 52 58 73 63 84 105 93 89 83 63 87 101 113 74 75 89 84 125 94 80 95 133 111 70 86 97 58 47 68 81 69 70 71 66 61 79 55 80 70 39 45 75 64 42 42 40 45 52 79 82 61 89 85 61 50
101 83 92 83 63 61 62 82 72 65 87 95 61 50 58 85 63 55 63 97 56 55 78 70 58 84 73 41 62 72 80 101 101 83 62 42 52 69 69 66 69 62 47 74 87 63 60 104 83 65 101 69 62 92 128 119 89 71 72 103 125 131 126 84 109 140 112 92 81 112 119 82 65 65 96 95 59 50 59 71 46 57 81 52 35 58 58 58 48 39 38 40 52 89 43 47 79 85 66 29
93 62 100 81 61 62 58 68 86 63 64 75 63 61 67 89 73 67 55 88 109 65 70 71 60 103 92 55 50 69 103 95 85 98 77 68 48 47 54 60 65 43 50 53 47 56 67 91 105 70 105 103 84 97 130 89 90 68 54 84 98 111 95 94 93 91 98 99 79 55 75 67 67 103 101 112 69 77 87 67 59 87 62 50 52 31 42 43 38 34 32 44 68 89 69 61 63 48 33 36
103 86 95 67 86 65 54 62 77 53 55 42 48 83 76 119 126 74 99 95 108 76 76 81 70 57 56 62 61 79 81 64 76 76 75 79 48 59 82 56 56 48 66 94 63 60 58 68 57 54 79 123 87 74 103 78 81 67 83 80 92 114 90 111 113 60 65 69 81 64 51 36 59 74 74 74 78 110 107 63 50 82 57 42 36 19 40 46 36 34 31 43 45 38 60 44 55 67 41 33
97 87 75 69 97 98 69 63 66 58 44 46 76 117 119 129 121 59 116 88 77 89 114 129 78 92 82 88 65 70 66 79 79 96 97 85 67 60 73 59 39 48 64 106 90 72 62 74 56 103 59 42 60 77 114 99 124 92 116 99 129 119 88 97 112 95 106 103 86 64 75 62 76 92 94 87 69 66 90 61 46 72 89 71 30 35 32 51 62 56 45 45 44 45 42 44 31 36 38 39
71 81 79 83 61 69 70 82 70 53 87 63 70 132 123 95 65 63 83 89 110 124 81 72 64 73 66 64 71 70 70 95 73 68 93 79 59 59 46 37 29 38 59 92 53 53 71 71 65 65 45 41 50 79 93 112 105 69 105 93 111 100 93 125 127 108 108 107 128 110 100 65 63 98 128 116 59 73 92 61 92 86 66 85 73 55 70 93 69 47 28 43 54 29 32 53 58 35 28 28
59 73 106 69 49 57 72 92 88 73 109 89 53 88 80 65 46 56 50 63 57 54 44 61 81 62 48 63 98 96 65 90 77 55 47 74 75 62 75 66 40 47 62 75 76 65 86 121 74 62 65 105 93 84 96 106 65 76 77 99 131 88 71 96 126 94 107 84 87 88 84 81 83 76 91 76 72 102 80 51 50 55 48 52 68 52 83 68 54 32 20 36 69 41 30 33 41 38 27 30
68 52 72 69 54 56 54 66 62 109 103 78 64 36 50 45 47 45 40 35 33 38 41 41 38 46 89 113 68 81 49 68 72 70 52 75 58 56 71 86 71 77 48 49 62 66 93 137 122 115 102 90 98 96 99 60 87 103 52 65 92 103 123 91 95 103 95 101 97 72 81 145 126 109 75 67 56 74 101 58 56 54 50 78 66 62 65 43 61 46 41 45 30 53 57 64 31 55 65 36
90 84 46 68 77 74 77 93 65 100 91 89 68 49 37 47 86 102 101 83 58 45 39 37 33 52 52 75 93 97 50 62 66 90 90 80 76 48 76 78 59 66 45 70 63 79 97 95 92 59 86 98 82 88 89 49 68 66 82 79 96 109 129 108 96 76 82 109 68 97 122 136 127 109 86 76 69 51 73 60 48 78 66 78 68 55 40 41 43 51 73 71 32 22 39 97 69 57 29 35
90 121 76 77 66 94 89 80 82 83 104 109 42 57 49 94 115 118 118 116 112 104 92 72 47 43 44 35 59 53 61 48 42 48 59 47 43 46 72 60 48 66 105 99 62 90 55 81 136 101 59 100 101 80 53 57 87 74 114 92 55 82 87 75 103 80 74 73 73 111 69 104 131 77 92 96 43 55 59 43 47 60 60 44 42 57 65 56 46 45 38 36 28 29 57 35 50 50 29 46
60 51 62 75 99 102 59 96 110 60 102 128 67 39 54 100 116 119 114 114 115 110 110 114 106 86 60 43 41 39 52 40 38 26 45 69 56 63 87 84 63 101 104 73 83 66 97 80 107 97 54 76 85 81 48 57 62 74 91 76 76 70 105 70 109 115 82 79 90 97 61 86 100 60 93 117 50 49 45 33 37 44 45 34 34 50 63 61 44 35 41 42 30 22 41 19 22 36 59 33
70 51 81 49 64 102 79 73 55 56 86 78 56 58 49 92 113 115 110 113 117 111 110 114 120 115 107 96 63 42 36 34 45 34 20 36 55 50 51 46 88 127 81 59 92 59 68 46 52 80 93 67 69 74 105 90 89 75 63 45 57 49 74 70 107 92 67 101 54 68 98 78 75 75 76 99 53 55 73 42 48 53 39 30 26 28 42 52 46 46 54 59 38 51 30 15 24 40 53 24
75 54 80 56 46 51 74 73 78 69 66 63 37 32 49 79 117 117 112 116 121 120 119 122 119 115 110 118 119 105 75 54 37 36 42 31 45 66 52 68 83 104 70 109 122 98 43 36 39 44 65 67 87 102 107 71 99 92 74 49 69 53 60 73 65 53 62 69 60 93 119 72 84 106 55 70 55 51 62 53 57 74 36 20 23 32 33 41 52 63 50 40 39 42 35 35 42 40 71 38
103 78 49 56 62 54 61 35 84 87 99 92 65 24 39 73 110 115 117 121 123 117 117 120 119 116 115 113 113 116 117 111 91 58 41 40 49 42 23 76 70 46 57 105 111 89 59 78 45 61 58 54 50 68 61 73 76 91 61 64 83 60 95 64 53 115 97 85 94 81 87 89 105 91 53 56 39 37 39 54 60 64 32 20 26 31 38 52 58 64 58 52 48 37 57 49 32 30 36 40
69 62 58 54 52 65 78 53 76 100 121 115 118 63 46 58 101 111 115 118 118 112 114 121 121 117 116 116 116 115 115 116 121 111 91 60 38 40 35 57 47 30 40 42 84 96 62 98 75 58 74 54 58 94 56 60 81 82 53 95 91 53 35 44 70 96 74 73 39 20 64 110 78 97 100 77 41 40 33 47 38 58 54 38 40 28 40 63 58 50 59 50 57 47 48 47 39 27 33 39
67 63 90 59 60 60 84 63 95 128 74 93 119 58 45 46 78 110 108 70 60 94 114 122 119 116 116 117 117 116 115 114 111 111 116 114 88 56 39 40 51 68 73 56 73 77 61 68 114 70 48 65 100 64 76 72 87 86 71 51 48 49 38 47 51 38 52 39 26 26 45 108 103 120 118 88 53 38 31 43 31 37 48 29 33 31 34 40 57 53 48 45 45 35 39 49 85 34 30 39
61 64 68 67 86 79 89 62 75 54 52 101 133 74 42 50 56 96 97 41 22 37 95 120 117 117 116 116 116 115 116 117 117 116 117 117 120 115 97 64 41 39 56 65 60 39 85 58 85 121 93 110 120 110 93 99 66 69 93 38 46 52 37 34 33 36 53 52 42 37 23 44 89 102 66 51 45 60 61 56 39 44 28 13 34 37 32 29 66 84 36 31 38 55 67 53 69 46 32 63
71 73 53 39 46 65 106 78 82 52 87 107 93 78 62 42 55 64 96 31 22 20 58 111 116 118 117 116 114 116 122 120 122 117 118 120 117 116 118 111 91 53 35 49 58 60 56 69 51 97 99 69 58 112 137 78 57 95 69 44 50 43 33 33 32 44 80 71 36 37 44 30 29 31 37 45 48 55 78 91 42 31 53 34 29 37 61 48 34 52 50 36 31 48 54 44 63 50 32 45
111 91 56 62 37 57 75 66 111 95 70 42 27 67 91 29 42 48 77 65 16 15 45 106 115 118 117 115 112 85 88 115 123 118 119 120 121 119 114 112 116 108 83 49 36 50 41 58 80 99 67 53 67 70 111 63 51 99 101 70 41 48 42 32 64 66 92 106 43 30 60 52 26 30 28 46 56 38 58 56 38 29 45 39 27 31 35 31 29 64 81 38 39 72 44 69 70 35 44 42
57 66 46 60 86 83 115 68 98 72 63 79 87 89 105 77 33 43 50 101 76 43 78 116 116 118 117 115 82 36 31 62 114 119 119 119 122 120 116 119 114 112 119 105 73 46 41 54 67 62 44 57 73 36 67 131 76 83 120 89 67 65 47 41 60 77 72 89 88 73 91 44 36 51 25 47 104 77 32 31 32 31 36 40 39 53 31 40 54 42 25 26 57 47 30 50 38 44 36 28
52 62 40 40 68 123 113 102 80 60 96 131 102 71 104 75 63 42 42 72 118 105 113 117 117 118 118 115 68 26 32 26 75 115 115 120 121 120 116 117 115 115 115 116 117 101 75 45 41 48 39 46 39 32 48 96 76 57 74 56 120 92 50 86 50 78 55 36 39 63 62 30 27 48 76 59 63 77 41 37 25 31 59 49 49 43 30 36 32 24 18 28 35 39 40 24 20 50 33 29
59 59 54 51 43 85 82 90 65 65 70 70 77 60 60 61 83 49 49 49 88 108 108 114 116 115 115 113 97 48 21 24 58 109 114 120 122 118 115 117 118 117 118 117 113 116 120 101 63 48 52 34 63 65 47 67 52 31 51 56 95 129 99 66 55 69 85 54 48 40 20 47 34 62 55 46 58 81 46 40 33 22 26 37 36 28 37 29 28 39 44 50 65 44 40 35 36 54 32 42
66 48 61 63 44 81 79 51 66 76 64 46 51 60 44 72 84 34 38 47 48 91 108 108 116 114 116 111 113 105 58 51 88 114 117 122 118 113 112 120 122 115 116 117 113 118 119 121 113 89 57 47 67 46 21 53 41 36 67 91 69 63 66 53 80 85 63 38 37 22 35 79 105 84 43 40 50 72 50 36 43 66 51 35 58 36 34 33 27 36 34 50 102 52 31 48 47 40 26 35
47 55 50 56 57 106 78 68 83 91 99 97 64 82 46 39 68 40 46 32 50 49 94 109 110 115 116 112 111 116 116 114 115 114 118 122 120 115 117 73 78 119 114 116 114 116 116 115 118 116 101 69 43 42 27 23 26 46 51 51 64 48 49 58 75 78 22 28 27 62 77 90 83 51 39 34 45 41 40 45 44 59 50 42 51 48 44 40 50 47 39 85 67 37 44 43 30 31 34 40
44 45 45 44 50 87 67 60 45 85 111 118 82 56 45 62 44 73 99 53 60 44 56 97 115 109 114 121 118 116 117 119 114 117 120 120 117 115 113 22 54 121 115 124 120 119 116 116 121 118 118 120 93 51 32 34 28 29 64 46 31 34 35 50 77 69 58 46 55 54 37 54 59 37 25 38 36 28 29 37 43 40 36 60 59 64 60 47 49 39 52 92 48 31 63 42 26 30 43 45
34 41 56 33 30 46 41 60 70 129 78 61 76 53 58 91 47 42 84 109 55 26 44 55 92 113 110 115 119 121 116 118 117 119 119 119 115 119 96 4 53 124 111 105 120 120 118 119 123 123 119 120 118 101 61 47 50 44 58 50 67 51 27 43 52 63 81 64 78 59 40 49 72 46 29 35 35 40 36 68 47 40 48 60 72 56 46 57 47 20 39 39 44 45 44 51 54 62 77 67
28 31 68 99 95 64 26 47 81 86 68 92 57 46 58 47 41 38 50 73 37 12 16 44 53 72 100 114 114 119 117 118 117 117 117 118 115 120 72 0 57 110 27 42 117 120 118 119 123 122 120 120 117 117 111 90 56 41 49 50 68 50 56 45 19 32 72 64 52 54 59 58 75 37 38 35 50 76 62 85 51 31 44 49 39 29 25 33 33 32 39 38 52 62 49 48 46 69 78 47
34 19 46 97 87 45 33 42 50 31 31 66 34 39 49 45 59 34 41 35 63 63 11 23 25 33 33 70 114 121 116 118 117 117 117 118 115 118 55 0 64 50 0 65 125 117 117 118 122 123 122 120 119 120 119 117 107 74 49 48 60 37 40 39 40 72 77 58 47 72 58 77 67 51 49 35 40 82 123 78 48 50 34 27 25 34 23 22 23 38 37 29 50 72 68 64 37 35 46 32
43 46 53 77 40 42 68 45 32 39 40 58 50 57 54 46 56 33 47 53 61 40 48 35 16 42 64 40 55 96 117 116 117 119 118 115 115 112 34 0 19 7 5 88 118 114 117 118 121 121 121 122 121 121 116 115 117 119 97 60 44 49 40 36 72 104 71 51 37 39 59 73 35 77 72 43 69 59 107 60 43 48 37 27 28 29 30 45 33 24 28 24 30 39 37 64 54 27 32 31
29 63 44 76 66 51 68 31 35 55 44 50 45 55 42 30 28 35 61 60 58 31 42 29 17 44 90 98 76 87 115 114 117 119 118 114 117 97 15 4 0 10 21 103 116 116 118 118 119 118 119 121 120 121 118 116 116 115 119 114 78 44 52 57 51 69 52 35 20 19 43 47 56 89 91 33 35 38 35 39 42 34 40 32 28 34 32 29 26 26 31 33 34 35 39 41 52 36 38 36
36 49 24 64 59 38 40 30 34 24 28 61 47 34 37 45 44 32 42 53 39 40 30 24 15 26 66 99 109 113 115 115 116 117 118 114 117 84 8 6 28 46 31 109 113 113 115 117 131 139 135 127 119 118 117 116 116 120 116 117 118 89 48 42 60 55 33 36 31 19 28 40 69 117 83 52 39 29 32 42 39 36 53 39 29 36 29 49 39 19 21 28 26 26 47 32 31 54 54 39
79 48 44 40 44 38 39 31 36 52 28 30 45 46 41 44 48 73 55 41 17 25 24 22 38 9 43 79 107 107 112 115 117 116 115 115 116 67 13 84 106 41 48 117 113 116 129 131 102 76 85 116 136 127 114 116 116 123 124 119 116 116 108 73 42 39 21 13 39 29 22 48 67 74 50 47 56 66 45 39 39 46 81 63 29 24 28 39 35 20 14 17 17 18 26 34 33 51 51 39
89 90 83 59 65 47 46 40 42 67 38 36 52 73 45 29 49 74 64 45 30 12 24 34 39 6 17 53 77 105 109 114 116 109 107 109 115 45 27 131 109 9 67 119 117 127 98 36 26 48 43 21 41 110 127 115 115 120 121 117 117 117 117 122 92 44 35 31 51 78 41 35 60 60 37 40 49 40 31 43 41 56 58 34 29 27 33 25 21 23 19 20 23 25 29 40 38 45 45 35
23 52 99 72 63 53 40 52 51 44 36 37 39 45 47 50 41 31 50 34 25 15 25 30 14 8 13 29 38 54 56 75 114 116 116 114 112 28 31 127 81 8 89 124 123 55 14 104 197 231 223 178 91 22 88 135 128 121 117 113 115 117 116 120 125 107 68 49 59 51 21 28 32 56 52 42 43 21 23 44 37 36 41 34 38 26 23 33 43 26 22 22 19 24 31 40 41 47 43 39
44 35 79 54 37 96 85 46 46 44 62 50 33 30 35 51 36 37 49 27 13 18 34 38 37 19 33 8 9 39 58 91 121 116 114 125 122 72 71 128 69 16 110 122 49 25 172 246 239 231 234 235 237 153 33 78 110 122 117 114 115 117 118 122 120 119 111 82 42 31 33 33 44 47 37 37 36 26 20 31 52 51 36 34 34 22 22 34 46 34 19 26 28 42 36 21 28 38 35 40
59 68 48 47 68 107 105 55 64 33 43 41 33 39 43 33 30 44 20 17 17 26 58 77 66 29 38 17 3 22 37 37 30 15 11 37 95 123 128 125 45 36 129 66 27 181 238 230 229 231 231 226 225 250 138 5 24 70 118 114 116 116 117 115 118 119 117 115 94 50 45 44 37 34 26 44 49 30 27 26 51 46 28 36 26 17 28 25 31 49 20 43 42 37 18 19 22 28 28 35
91 93 42 55 80 63 47 40 73 27 16 26 35 33 31 30 33 16 20 28 27 77 68 41 44 31 11 15 11 2 0 0 11 15 20 20 88 117 118 119 86 103 110 27 145 231 225 244 233 232 233 236 238 242 236 83 71 46 106 120 114 116 115 114 116 117 116 114 118 110 75 44 36 20 15 34 29 25 33 27 29 34 30 24 14 5 5 9 10 9 11 23 19 17 13 18 17 19 22 28
96 74 79 42 56 64 27 21 50 40 55 32 44 33 64 51 33 28 33 33 30 65 21 19 26 24 5 2 4 4 17 7 50 118 125 125 122 115 116 116 126 130 73 67 215 224 233 247 237 234 236 238 241 234 245 106 94 56 90 120 114 121 118 117 118 119 116 114 113 116 117 92 56 44 35 22 23 39 17 6 33 37 19 12 22 26 27 38 38 35 34 32 35 39 40 39 38 36 37 37
57 37 73 67 44 46 26 19 18 54 74 26 32 24 51 53 28 42 63 33 34 36 17 34 32 27 30 28 14 17 44 12 56 124 119 119 118 117 116 118 117 123 47 118 236 229 239 243 238 236 237 235 232 231 214 65 109 39 93 130 124 105 108 117 118 119 118 114 116 120 117 118 107 74 50 40 35 44 30 25 34 40 34 33 40 46 51 57 59 59 60 63 63 61 61 62 66 68 71 72
42 20 33 56 32 17 18 12 42 51 27 28 18 18 56 48 51 77 52 31 67 47 22 27 27 58 112 52 26 16 8 8 31 14 9 18 94 120 113 116 115 118 33 153 239 238 239 240 237 234 233 238 229 239 144 54 120 19 116 114 57 53 97 115 116 119 119 116 116 106 91 80 75 66 37 25 34 29 37 43 43 50 56 57 66 80 93 97 106 116 117 116 115 116 115 116 116 116 120 124
20 23 27 41 52 30 73 79 78 51 28 41 39 26 22 96 112 72 44 58 82 64 80 61 36 43 102 66 45 12 1 6 9 26 39 54 103 118 121 126 132 122 36 175 237 239 237 234 232 240 243 233 232 225 65 108 83 11 93 34 0 68 115 114 119 122 117 117 118 68 26 19 19 22 29 35 47 62 78 89 100 109 111 114 120 122 122 116 117 121 117 117 119 119 120 121 118 116 120 124
55 42 34 31 55 80 88 75 36 39 48 74 87 54 22 54 58 22 33 54 66 43 71 65 53 38 43 49 42 25 12 39 71 122 129 132 133 133 106 86 99 120 66 197 243 238 238 231 233 241 222 230 239 132 34 121 65 33 55 45 18 41 110 115 118 121 119 120 120 102 84 80 82 92 100 105 114 120 122 119 120 118 116 113 115 118 120 117 119 118 119 119 120 121 123 123 124 124 125 124
65 42 22 50 81 55 25 13 29 72 77 46 49 34 29 28 43 27 22 37 57 43 62 48 25 31 65 40 23 47 14 37 64 96 110 127 98 38 32 54 40 20 35 194 240 237 234 230 217 105 33 154 195 23 112 171 125 27 92 107 25 21 92 111 115 116 116 116 117 125 124 121 117 120 123 115 116 120 122 121 123 122 120 120 119 122 119 119 120 119 120 124 121 123 124 124 124 124 123 124
39 29 40 61 84 33 23 25 31 49 83 64 31 53 35 17 28 22 28 33 35 47 85 75 50 35 57 42 41 53 30 35 48 74 114 69 12 111 207 233 220 156 29 136 239 230 233 227 113 0 0 33 46 65 188 188 120 30 112 102 33 17 74 113 113 113 114 116 120 117 117 117 112 115 122 111 112 120 121 121 122 126 126 124 120 121 118 119 119 119 118 122 121 123 124 124 124 123 121 123
50 45 67 44 37 32 15 28 28 35 87 92 65 75 66 37 24 15 25 37 20 27 51 95 69 31 25 28 47 52 36 60 44 67 72 15 149 240 234 229 230 252 157 77 217 220 225 220 60 0 14 2 51 188 198 186 85 40 122 96 28 20 72 114 115 122 119 118 118 116 118 120 119 119 120 118 117 120 120 119 120 120 122 121 118 119 119 119 119 123 119 119 119 120 123 121 121 121 120 121
44 46 37 29 25 17 17 27 21 64 76 52 62 31 14 31 38 52 38 25 12 21 40 52 38 36 28 10 13 19 24 45 41 55 10 139 241 224 228 229 232 233 223 76 167 237 230 245 98 0 3 46 178 214 193 181 43 66 124 77 16 22 66 111 116 124 122 119 117 117 118 120 121 120 119 119 121 123 118 118 118 118 119 120 119 119 119 121 122 125 121 119 122 123 122 123 120 120 120 119
52 85 56 40 41 54 25 16 15 50 62 22 23 38 12 35 51 41 58 32 45 54 88 52 44 45 21 20 17 49 50 56 55 35 54 223 228 233 236 230 239 235 236 148 94 190 168 116 36 6 68 171 213 197 200 109 29 111 116 61 11 21 64 111 116 122 119 118 117 118 120 121 121 120 119 121 120 122 120 117 117 119 119 119 119 119 121 121 123 125 122 121 120 122 121 119 119 119 120 120
65 85 72 52 47 106 75 62 47 42 45 9 29 47 30 42 35 28 35 67 98 67 98 67 6 18 29 23 24 61 119 121 61 4 125 240 230 239 243 237 239 236 243 182 10 18 21 37 80 149 214 211 188 201 145 28 93 129 110 42 12 18 55 112 116 122 118 117 117 119 120 120 121 120 119 121 119 122 122 120 121 120 119 119 119 119 122 108 98 119 122 118 119 120 120 117 117 118 121 121
56 72 64 57 45 43 48 60 77 51 43 26 35 22 40 35 27 34 26 69 59 57 79 74 22 24 38 30 46 33 75 112 71 12 161 247 233 238 239 241 243 237 254 188 66 163 189 219 216 161 168 198 219 177 40 67 135 115 101 26 14 16 52 113 117 118 117 117 117 121 118 117 120 119 119 118 118 119 121 122 121 118 117 119 121 121 108 60 30 50 89 111 119 123 121 121 118 118 121 121
66 49 36 38 38 24 31 23 21 40 43 24 29 39 33 37 43 41 14 30 42 61 64 93 37 33 38 42 52 46 33 58 82 29 185 243 236 237 234 236 240 237 243 203 57 126 161 147 79 65 165 202 135 37 61 132 122 115 87 18 14 16 64 114 116 117 117 117 117 118 117 117 118 117 119 117 117 118 120 122 120 118 117 119 122 119 94 41 30 25 48 104 116 122 122 122 118 117 118 119
59 102 55 55 45 62 38 25 33 25 14 15 15 41 34 30 36 38 23 20 33 41 37 66 31 65 70 39 28 50 41 71 108 42 197 238 236 235 242 246 234 230 239 145 36 71 43 9 69 147 121 53 24 78 131 125 116 116 61 15 25 18 77 114 115 117 117 117 117 117 116 117 117 117 117 117 117 119 118 119 119 118 117 117 123 123 100 46 27 27 53 108 114 120 122 122 118 118 118 119
47 49 52 37 68 93 57 42 37 28 18 15 4 13 24 35 36 29 22 30 24 43 66 75 22 32 67 57 29 22 31 81 80 51 212 235 232 247 221 207 239 243 201 42 145 218 164 38 42 32 30 66 120 138 121 117 119 108 28 15 25 28 96 117 115 117 117 117 117 117 116 117 117 118 117 119 119 119 117 118 118 117 120 120 124 122 118 108 71 67 109 120 120 121 122 120 118 123 121 119
27 30 52 40 75 44 45 49 32 20 19 16 18 31 47 45 53 38 18 18 16 62 53 34 17 33 63 88 60 37 29 49 29 39 208 236 240 191 50 25 157 230 61 78 204 197 157 75 124 120 132 134 124 116 121 118 121 76 7 23 15 29 106 117 115 117 117 117 117 117 117 117 118 119 120 123 122 118 120 120 118 117 120 120 119 119 118 120 122 121 124 118 119 121 121 118 116 120 118 118
37 53 89 74 49 23 20 21 27 18 15 22 23 33 48 45 40 29 29 28 29 62 46 31 18 47 47 46 41 52 36 29 25 27 194 232 225 80 0 0 36 60 38 182 205 200 115 66 136 127 123 116 118 117 120 118 108 30 5 17 9 40 114 115 115 117 117 117 117 117 117 117 119 119 121 121 120 115 120 120 118 117 119 117 117 119 117 116 118 118 118 121 120 120 121 120 119 120 117 118
32 46 86 82 55 29 29 26 24 16 17 34 27 48 69 42 41 30 38 51 32 41 49 24 20 13 14 30 30 47 47 31 29 24 175 243 241 101 4 7 1 46 181 208 196 193 75 82 126 117 118 119 118 119 115 117 72 7 16 12 6 72 121 116 118 117 117 117 118 118 117 117 117 120 118 122 121 115 119 121 117 117 118 117 118 117 117 118 121 120 120 121 120 120 121 121 118 119 118 118
41 44 64 54 54 52 64 53 22 21 22 30 24 41 51 40 40 28 22 26 16 20 38 36 40 37 30 37 48 23 42 40 30 11 90 188 178 90 7 28 104 197 206 191 194 148 59 117 120 119 114 118 118 117 121 100 21 20 26 13 16 97 116 120 120 117 117 117 119 117 117 117 119 122 119 122 121 116 119 118 117 119 117 120 118 117 117 119 120 120 120 120 120 120 120 118 119 120 118 118
38 34 28 27 49 68 82 41 27 32 25 31 31 48 65 29 23 26 16 18 21 21 39 33 34 32 44 35 44 38 33 31 18 15 56 52 37 56 119 179 214 211 199 191 184 68 82 132 117 117 115 117 115 121 109 31 8 21 23 12 40 115 115 118 119 118 117 117 119 120 119 117 119 118 118 120 118 118 122 122 122 117 117 118 118 119 120 120 118 118 118 119 120 120 119 119 120 118 118 119
32 30 30 49 58 56 54 27 22 28 26 23 23 22 33 41 25 42 19 28 45 49 46 41 44 39 37 58 64 31 44 32 19 53 186 189 194 206 202 200 195 198 206 206 93 40 123 123 118 116 115 115 125 110 32 7 22 15 21 12 79 120 116 117 117 119 117 117 119 120 119 117 120 120 119 120 120 120 122 121 124 121 118 117 117 120 121 118 116 118 118 118 120 120 119 120 117 117 119 120
30 38 38 38 37 56 75 31 25 19 20 17 13 14 17 27 27 25 23 27 57 55 39 36 37 40 28 38 35 29 39 18 29 45 123 157 144 99 106 190 200 207 193 90 35 111 120 116 113 115 113 124 114 35 9 27 17 18 11 29 111 116 116 118 119 121 120 121 120 121 119 117 121 123 119 120 121 121 117 118 123 119 117 117 117 119 121 119 117 118 119 119 118 119 120 122 119 117 120 121
30 27 33 51 44 45 45 33 30 18 12 15 17 21 22 20 30 25 33 25 37 38 26 55 50 58 40 29 20 26 30 17 31 19 5 18 15 16 92 118 107 91 33 30 106 122 116 121 111 115 125 100 33 12 27 21 17 17 12 93 121 115 116 117 120 121 122 120 120 121 119 117 119 119 119 120 120 120 114 113 116 117 118 119 118 119 121 119 118 118 116 117 118 119 120 122 120 117 120 122
36 33 36 68 56 41 41 26 29 14 11 30 32 24 33 45 37 35 51 26 29 41 46 74 50 45 39 24 20 21 19 21 31 20 15 28 28 15 16 11 21 36 70 126 126 113 120 121 125 126 77 12 12 34 25 26 30 7 67 124 113 118 118 123 124 126 121 117 120 119 119 118 117 116 118 117 118 118 118 119 119 118 119 120 118 118 119 120 120 120 118 119 120 120 121 123 120 120 121 119
41 64 50 29 30 41 45 29 20 14 33 42 33 37 36 32 32 35 27 35 30 51 80 77 42 42 37 47 36 28 21 21 19 23 23 26 14 4 31 82 126 137 133 120 111 119 127 128 100 43 7 15 26 27 27 25 8 48 123 119 116 119 118 123 124 125 119 117 120 119 119 118 117 118 117 116 118 119 120 120 120 120 120 120 119 120 119 120 120 120 119 120 120 120 120 121 120 120 118 118
41 69 44 34 63 33 20 19 17 26 40 39 36 52 67 55 50 40 48 53 30 32 63 48 37 44 44 59 49 31 20 21 21 23 19 11 2 6 36 72 96 93 117 122 123 117 92 49 8 7 24 18 29 41 16 8 62 123 121 117 118 117 115 120 120 119 118 120 118 118 118 118 118 118 118 120 121 119 118 121 118 119 122 117 118 121 121 120 120 121 120 120 122 121 121 121 118 119 118 117
46 58 41 31 57 34 16 15 20 23 17 21 29 38 59 73 56 31 40 31 24 23 41 36 21 24 37 38 24 26 20 33 28 28 28 8 18 38 38 49 35 69 123 95 58 20 4 9 23 25 21 23 27 21 22 91 135 122 119 121 117 115 115 116 115 115 120 118 118 118 118 118 116 115 118 119 118 120 119 119 120 118 119 117 118 120 118 118 121 119 120 120 122 122 122 122 121 121 119 117
38 57 62 36 12 21 23 16 20 22 20 20 24 34 41 67 57 27 18 27 27 30 35 26 43 59 45 34 26 19 34 46 22 25 9 15 46 61 66 38 16 11 36 17 7 11 22 26 23 26 32 28 16 56 110 125 117 105 109 118 117 116 117 115 115 119 121 117 119 118 117 118 118 115 117 118 115 117 120 119 121 120 120 117 116 117 119 119 118 117 118 118 118 122 125 124 124 125 123 120
48 50 64 70 23 18 24 21 19 22 21 22 39 30 43 50 47 36 22 31 45 48 34 41 37 38 38 36 44 35 23 30 15 10 10 44 63 97 99 36 18 76 25 9 14 10 13 5 1 4 23 53 95 132 120 115 114 68 66 114 119 119 120 116 114 117 120 118 116 118 117 118 122 118 118 119 117 118 123 121 120 119 119 119 118 119 119 119 119 118 118 115 116 122 124 124 124 125 123 120
55 38 37 51 32 23 25 24 26 26 22 19 20 20 39 47 32 29 23 28 31 28 26 39 37 21 37 57 79 64 23 18 9 7 39 58 98 110 103 38 59 132 113 91 70 56 55 58 78 93 103 117 123 119 112 104 73 38 84 119 116 117 119 118 118 117 118 116 116 115 117 119 120 118 121 121 117 119 122 120 118 119 120 119 118 121 117 117 119 119 119 118 116 119 120 118 118 119 119 118
102 62 45 34 24 21 27 28 32 45 25 29 20 21 27 36 62 32 14 15 23 30 29 25 20 36 37 14 46 41 25 16 10 35 56 93 114 108 111 57 76 114 121 127 119 114 111 118 127 127 119 117 91 60 56 46 41 78 113 115 114 116 118 118 121 121 118 115 119 119 115 119 119 117 117 120 118 117 120 119 116 119 120 118 118 120 117 117 118 118 120 121 118 116 117 117 116 116 118 108
54 31 22 27 30 32 37 31 33 57 37 33 60 65 48 34 55 33 14 20 26 32 30 21 17 21 19 24 30 25 12 6 34 51 88 116 120 115 113 66 67 114 113 113 111 110 111 113 117 118 117 120 102 76 76 85 105 117 116 116 115 119 120 123 122 120 116 115 116 119 119 117 117 119 117 119 118 116 118 118 115 120 119 118 119 118 118 118 121 121 125 125 120 114 115 113 120 120 90 45
25 24 21 41 67 47 42 33 34 40 38 72 59 35 49 63 22 21 17 22 29 50 52 31 15 9 14 26 41 23 7 29 54 81 113 117 121 116 112 65 63 114 113 114 116 115 117 118 114 113 120 116 120 121 126 129 126 118 117 116 115 120 120 125 122 116 115 117 117 117 120 116 119 117 115 116 117 116 118 117 114 118 120 120 118 118 118 120 121 120 126 126 119 113 112 115 102 60 31 40
26 52 25 48 70 43 35 28 22 27 23 23 22 35 39 40 26 18 24 41 44 54 46 43 38 19 24 21 26 5 19 47 76 108 114 120 120 114 111 76 56 109 114 115 114 114 115 117 117 112 115 118 117 118 123 124 125 118 119 119 115 117 121 125 124 117 115 116 116 117 118 118 116 116 118 116 118 117 117 118 116 118 118 119 118 120 119 120 121 123 126 123 114 113 113 82 36 24 63 99
12 56 59 31 34 29 29 77 46 12 18 15 24 55 48 36 26 23 27 33 42 59 35 34 44 27 15 40 44 4 40 62 103 114 119 125 123 117 115 78 55 107 114 116 114 114 116 119 116 113 117 115 117 114 119 121 123 120 123 122 118 117 119 125 123 120 115 115 115 117 118 118 118 119 119 116 115 118 120 120 118 119 120 118 118 121 119 119 122 124 123 121 119 115 69 24 41 88 112 115
51 44 69 38 24 38 48 55 25 16 26 30 22 31 39 28 19 24 37 27 25 42 33 29 32 29 21 15 28 43 59 98 111 115 120 120 121 116 115 82 42 103 116 115 115 115 116 118 115 116 117 111 116 115 115 116 117 118 119 119 119 118 117 121 119 120 118 116 115 117 119 118 118 117 115 118 118 116 118 120 118 118 117 116 115 119 118 119 120 119 119 116 104 61 31 67 112 119 112 110
77 44 38 32 26 33 41 18 9 22 18 16 17 35 38 30 22 16 25 29 25 26 24 18 20 24 31 9 27 60 89 118 112 117 118 118 120 118 116 85 34 98 116 117 118 115 115 117 117 118 116 118 118 114 115 115 115 116 118 118 118 118 118 117 116 119 119 117 115 118 120 118 116 115 114 119 119 116 115 117 115 118 119 114 116 120 118 119 120 117 118 115 64 38 89 114 118 118 117 113
65 57 45 38 22 28 24 23 20 15 18 14 21 30 32 37 22 16 31 22 21 18 13 11 17 15 7 12 44 68 115 120 119 118 118 119 120 117 116 94 38 102 119 115 116 115 116 119 117 115 116 120 117 115 116 116 115 118 119 118 119 117 115 117 119 117 119 120 118 116 117 118 115 116 117 119 119 119 117 116 117 120 121 117 115 120 120 120 119 119 117 116 99 99 117 115 121 122 121 117
55 63 59 36 29 44 28 32 43 17 16 19 19 22 25 32 20 18 29 17 20 27 30 27 32 42 53 46 52 96 120 118 120 119 118 119 120 116 115 100 45 98 118 116 116 115 116 120 117 118 115 115 117 115 117 115 114 118 120 117 118 117 114 117 120 116 117 119 117 115 114 115 115 116 118 119 119 119 118 117 119 118 119 118 117 120 118 119 119 119 117 116 123 120 117 121 125 125 126 119
55 38 55 39 28 36 40 39 40 31 18 8 13 22 22 25 29 16 8 14 23 34 44 42 39 74 84 65 81 115 116 117 119 118 119 118 122 116 114 102 46 91 116 115 118 117 117 118 116 118 116 115 118 115 117 119 117 117 119 118 116 115 115 115 121 119 117 117 116 117 117 119 118 118 120 120 120 119 119 119 120 119 118 118 118 120 115 118 119 119 117 116 116 116 119 119 121 121 120 116
38 29 50 43 29 34 25 18 23 29 19 18 19 23 23 22 26 27 18 14 32 50 47 28 17 84 76 68 114 116 118 119 118 116 118 119 125 118 113 103 50 91 116 115 118 118 118 118 116 117 116 114 117 115 117 118 118 118 119 121 117 114 115 119 120 119 118 117 117 118 118 119 119 117 118 120 120 120 120 119 121 120 117 115 115 117 115 117 118 118 118 119 120 118 118 118 119 119 116 116
32 22 38 32 29 31 44 24 14 12 19 54 35 18 23 21 23 27 22 18 25 42 47 37 52 97 57 97 119 117 118 118 115 115 119 122 122 117 114 102 47 91 117 115 116 118 117 116 117 119 118 115 117 115 116 116 115 118 119 122 118 115 116 120 118 115 116 115 118 119 117 119 118 119 118 120 120 120 117 119 121 119 117 114 118 118 114 118 119 118 121 123 123 118 116 115 118 118 116 116
13 20 40 21 20 33 48 23 14 22 23 26 22 17 21 19 18 20 15 18 30 37 28 21 62 64 71 116 112 118 118 117 118 119 119 120 120 115 114 104 49 90 117 115 115 116 115 115 118 117 115 117 118 114 117 120 118 119 118 119 118 115 116 117 116 117 115 115 116 117 118 116 117 120 118 120 120 120 118 121 121 116 115 115 117 116 114 119 120 118 123 126 125 118 118 119 116 115 116 114
47 31 23 16 23 26 26 21 13 16 24 31 27 22 24 26 19 17 15 15 35 32 24 6 37 55 103 117 112 118 114 116 121 120 119 120 122 119 116 104 49 80 113 114 117 115 115 118 116 115 114 117 118 115 114 119 121 119 117 116 118 116 119 116 115 115 115 114 115 119 119 120 120 122 119 120 119 117 118 120 122 119 116 117 117 115 115 116 117 116 121 121 119 116 119 119 115 117 115 111
77 60 28 21 21 24 27 22 15 15 21 29 45 43 35 35 24 15 18 18 22 33 31 21 37 78 118 117 119 120 112 116 121 119 119 120 121 119 113 105 50 77 115 116 118 116 116 119 115 116 119 117 116 116 117 117 118 119 117 115 118 119 120 116 115 115 115 115 118 120 118 119 118 120 120 120 119 116 117 119 119 119 119 119 116 117 118 118 120 117 119 119 115 117 117 117 116 118 117 114
76 84 43 21 27 38 26 22 14 14 20 22 33 40 34 30 17 9 15 21 16 16 23 29 49 100 121 120 120 120 114 117 121 120 122 122 120 116 111 106 52 75 113 114 118 118 116 116 116 117 116 118 119 118 118 116 117 119 117 115 119 121 120 118 116 115 115 115 117 121 118 119 117 116 119 121 120 119 120 119 120 120 119 119 116 116 118 119 120 118 119 119 119 120 115 115 116 116 119 116
45 45 36 24 36 36 21 19 11 8 18 24 18 15 17 21 20 10 14 18 14 17 16 32 66 109 121 121 118 118 114 117 122 119 117 120 121 114 108 105 49 72 111 113 118 117 115 114 115 117 116 118 116 119 120 114 116 119 116 115 118 119 118 116 116 115 115 115 117 119 120 120 118 116 119 121 120 120 120 118 118 119 117 119 118 118 116 117 116 115 119 121 123 119 116 116 116 115 114 111
6 7 18 24 23 19 17 18 16 17 23 24 15 10 10 20 30 22 18 20 18 10 19 44 85 114 123 124 120 120 117 119 120 119 117 119 123 118 114 101 41 70 113 113 118 115 116 117 116 118 116 115 116 121 121 117 118 121 119 117 116 117 117 117 116 118 117 116 117 119 118 118 118 117 116 117 120 122 122 122 118 119 117 119 120 120 120 118 118 118 120 119 119 116 117 121 122 122 113 106
8 14 22 26 27 24 16 18 16 16 22 20 16 14 14 21 19 20 21 22 26 10 34 57 104 114 123 124 122 120 115 117 116 118 120 120 122 119 118 96 35 78 112 113 118 115 116 115 113 115 115 113 118 121 119 117 119 121 120 120 119 120 117 117 117 119 118 117 117 118 118 117 119 118 114 116 120 125 123 124 119 121 120 119 120 118 120 119 121 120 119 118 118 117 118 120 122 121 115 100
8 5 16 18 19 18 17 26 19 18 22 19 14 14 18 27 18 21 23 29 19 27 54 89 118 118 123 124 122 120 115 118 117 119 118 116 117 117 116 98 38 80 114 113 118 118 115 114 112 115 114 112 117 120 119 117 117 119 119 119 120 121 118 118 117 117 119 121 119 116 117 118 116 117 117 116 122 126 124 120 117 120 121 118 117 119 121 119 120 120 120 119 119 118 116 118 121 118 118 94
7 5 11 14 13 17 20 25 21 26 17 17 13 14 17 19 20 9 19 17 9 41 65 114 123 124 124 123 123 120 116 118 117 119 118 117 117 117 114 100 38 82 115 113 118 119 115 119 113 100 104 113 116 119 119 118 117 118 120 121 118 118 118 122 118 116 120 122 120 118 118 121 116 115 118 117 122 125 124 121 116 119 119 120 117 118 121 117 118 119 120 115 116 119 119 118 123 120 119 77
36 8 13 8 17 20 14 17 19 20 20 19 15 13 19 23 29 44 19 12 25 52 96 123 121 122 120 118 118 119 117 117 117 115 117 120 120 118 114 101 43 77 112 111 118 117 112 112 83 45 68 113 112 118 116 116 116 120 120 120 117 117 118 120 118 116 118 119 118 117 118 121 118 117 116 118 118 120 121 121 117 116 116 120 118 118 120 115 118 117 116 112 114 119 120 119 123 120 114 50
55 53 18 5 9 18 13 12 21 22 29 20 14 15 21 25 20 88 89 20 39 70 118 121 120 120 118 117 116 118 118 117 117 117 118 118 121 119 115 97 35 83 112 110 118 118 113 98 37 30 58 109 113 115 115 119 118 120 120 116 118 119 119 118 118 120 118 118 118 117 117 118 118 117 116 118 116 118 121 118 117 115 115 117 117 118 118 116 117 116 117 116 115 119 120 119 123 121 108 33
59 61 35 16 12 10 6 9 21 22 19 14 13 14 14 18 11 20 93 68 58 90 118 123 120 119 119 118 118 118 119 118 117 119 118 119 124 121 115 94 40 83 112 111 119 119 112 102 55 30 53 109 112 115 118 118 118 119 117 114 119 120 120 118 115 117 117 116 116 118 118 118 118 119 117 120 120 119 122 120 119 119 115 117 118 119 118 118 117 115 116 115 116 118 118 119 124 123 102 22
71 15 21 20 6 5 0 10 26 24 18 30 21 14 15 13 14 9 34 53 85 108 113 122 119 119 119 116 116 119 121 119 116 118 118 121 126 122 115 95 33 86 113 112 122 122 115 114 84 42 78 111 111 116 118 116 120 119 117 117 118 119 118 117 115 116 118 116 115 119 119 119 119 120 116 117 118 119 122 121 120 119 118 118 118 120 118 118 117 115 115 115 117 117 118 120 124 123 94 12
